31 35
31 36
31 37
31 38
31 39
31 40
31 41
32 34
32 35
32 36
32 37
32 38
32 39
32 40
32 41
33 33
33 34
33 35
33 36
33 37
33 38
33 39
33 40
33 41
34 32
34 33
34 34
34 35
34 36
35 32
35 33
35 34
35 35
36 31
36 32
36 33
36 34
37 31
37 32
37 33
37 34
38 30
38 31
38 32
38 33
39 30
39 31
39 32
39 33
40 29
40 30
40 31
40 32
41 29
41 30
41 31
41 32
42 29
42 30
42 31
43 29
43 30
43 31
44 29
44 30
44 31
45 29
45 30
45 31
46 29
46 30
46 31
46 32
47 29
47 30
47 31
47 32
47 33
48 30
48 31
48 32
48 33
48 34
49 30
49 31
49 32
49 33
49 34
49 35
50 32
50 33
50 34
50 35
50 36
50 37
50 38
50 39
50 40
50 41
50 42
50 43
50 44
50 45
51 33
51 34
51 35
51 36
51 37
51 38
51 39
51 40
51 41
51 42
51 43
51 44
51 45
52 34
52 35
52 36
52 37
52 38
52 39
52 40
52 41
52 42
52 43
52 44
52 45
53 37
53 38
53 39
53 40
53 41
