21 37
21 38
21 39
21 40
21 41
22 35
22 36
22 37
23 31
23 32
23 34
23 35
23 36
24 31
24 32
24 33
24 34
24 35
25 31
25 32
25 34
26 31
26 32
26 33
27 30
27 31
27 32
28 30
28 31
29 30
30 30
31 30
32 29
32 30
33 29
33 30
34 29
34 30
35 30
36 29
36 30
37 29
38 29
38 30
39 30
40 30
41 30
41 31
41 32
42 31
42 32
42 33
43 31
43 32
43 33
43 34
43 35
43 36
43 37
43 38
44 36
44 37
44 38
44 39
44 40
44 41
45 41
45 42
45 43
46 42
46 43
46 44
46 45
47 43
47 45
48 44
48 45
49 45
50 44
50 45
51 44
51 45
52 44
52 45
53 44
53 45
54 44
54 45
55 44
55 45
56 43
56 44
57 43
57 44
58 42
59 39
59 40
59 41
60 31
60 32
60 33
60 34
60 35
60 36
60 37
60 38
60 39
